En

import csv
import numpy
from sklearn.mixture import GaussianMixture
from sklearn.cluster import KMeans
from matplotlib import pyplot
with open('kmeanstrain.csv') as csv_file:
csv_reader = csv.reader(csv_file, delimiter=',')
data=[r for r in csv_reader]
for i in range(len(data)):
for j in range(len(data[i])):
data[i][j]=float(data[i][j])
x=numpy.array([r[:-1] for r in data])
y=numpy.array([r[-1] for r in data])
em=GaussianMixture(n_components=2).fit(x,y)
em_p=em.predict(x)
print('EM Predictions:',em_p)
km=KMeans(n_clusters=2).fit(x,y)
km_p=km.predict(x)
print('KMeans Predictions:',km_p)
pyplot.scatter(x[:,0],x[:,3],c=em_p)
pyplot.show()
pyplot.scatter(x[:,0],x[:,3],c=km_p)
pyplot.show()
print("\nObservation, The EM algorithm is more efficient than Kmeans algotrithm")

kmeanstrain.csv
3.0,1.0,1.0,145.0,233.0,1.0,2.0,150.0,0.0,2.3,3.0,0.0,6.0,0
67.0,1.0,4.0,160.0,286.0,0.0,2.0,108.0,1.0,1.5,2.0,3.0,3.0,2
67.0,1.0,4.0,120.0,229.0,0.0,2.0,129.0,1.0,2.6,2.0,2.0,7.0,1
37.0,1.0,3.0,130.0,250.0,0.0,0.0,187.0,0.0,3.5,3.0,0.0,3.0,0
41.0,0.0,2.0,130.0,204.0,0.0,2.0,172.0,0.0,1.4,1.0,0.0,3.0,0
56.0,1.0,2.0,120.0,236.0,0.0,0.0,178.0,0.0,0.8,1.0,0.0,3.0,0
62.0,0.0,4.0,140.0,268.0,0.0,2.0,160.0,0.0,3.6,3.0,2.0,3.0,3
57.0,0.0,4.0,120.0,354.0,0.0,0.0,163.0,1.0,0.6,1.0,0.0,3.0,0
63.0,1.0,4.0,130.0,254.0,0.0,2.0,147.0,0.0,1.4,2.0,1.0,7.0,2
53.0,1.0,4.0,140.0,203.0,1.0,2.0,155.0,1.0,3.1,3.0,0.0,7.0,1
57.0,1.0,4.0,140.0,192.0,0.0,0.0,148.0,0.0,0.4,2.0,0.0,6.0,0
56.0,0.0,2.0,140.0,294.0,0.0,2.0,153.0,0.0,1.3,2.0,0.0,3.0,0
56.0,1.0,3.0,130.0,256.0,1.0,2.0,142.0,1.0,0.6,2.0,1.0,6.0,2
44.0,1.0,2.0,120.0,263.0,0.0,0.0,173.0,0.0,0.0,1.0,0.0,7.0,0
52.0,1.0,3.0,172.0,199.0,1.0,0.0,162.0,0.0,0.5,1.0,0.0,7.0,0
57.0,1.0,3.0,150.0,168.0,0.0,0.0,174.0,0.0,1.6,1.0,0.0,3.0,0
48.0,1.0,2.0,110.0,229.0,0.0,0.0,168.0,0.0,1.0,3.0,0.0,7.0,1
54.0,1.0,4.0,140.0,239.0,0.0,0.0,160.0,0.0,1.2,1.0,0.0,3.0,0
48.0,0.0,3.0,130.0,275.0,0.0,0.0,139.0,0.0,0.2,1.0,0.0,3.0,0
49.0,1.0,2.0,130.0,266.0,0.0,0.0,171.0,0.0,0.6,1.0,0.0,3.0,0
64.0,1.0,1.0,110.0,211.0,0.0,2.0,144.0,1.0,1.8,2.0,0.0,3.0,0
58.0,0.0,1.0,150.0,283.0,1.0,2.0,162.0,0.0,1.0,1.0,0.0,3.0,0
58.0,1.0,2.0,120.0,284.0,0.0,2.0,160.0,0.0,1.8,2.0,0.0,3.0,1
58.0,1.0,3.0,132.0,224.0,0.0,2.0,173.0,0.0,3.2,1.0,2.0,7.0,3
60.0,1.0,4.0,130.0,206.0,0.0,2.0,132.0,1.0,2.4,2.0,2.0,7.0,4
50.0,0.0,3.0,120.0,219.0,0.0,0.0,158.0,0.0,1.6,2.0,0.0,3.0,0